Parameter name: CNN1.0.weight, Parameter value: tensor([[[[-0.0499,  0.0162,  0.1492],
          [ 0.3122, -0.1504, -0.3032],
          [ 0.0558,  0.0123,  0.0070]]],


        [[[-0.1488, -0.2458,  0.0910],
          [-0.2784,  0.2487, -0.2581],
          [ 0.1295,  0.2664,  0.1620]]],


        [[[ 0.1302,  0.7808,  0.3521],
          [ 0.6287,  0.8129,  0.4341],
          [ 0.4911,  0.6201,  0.1141]]],


        [[[ 0.2390,  0.1130, -0.1194],
          [-0.2902, -0.2481, -0.1336],
          [-0.1384, -0.1759, -0.0469]]],


        [[[-0.0259,  0.0372,  0.2112],
          [-0.3582, -0.0247,  0.0791],
          [-0.2701,  0.0354,  0.3243]]],


        [[[ 0.7674,  1.1434,  0.9647],
          [ 1.0818,  1.4198,  1.0538],
          [ 0.8590,  1.0083,  0.6762]]]], device='cuda:0')
Parameter name: CNN1.0.bias, Parameter value: tensor([-0.0003, -0.1415,  0.3226, -0.2231,  0.2793,  0.2437], device='cuda:0')
Parameter name: CNN2.0.weight, Parameter value: tensor([[[[-3.7817e-02,  4.9917e-02,  8.1270e-02, -4.9233e-02, -7.0541e-02],
          [-3.4452e-02,  3.7426e-02, -7.1753e-02, -5.8428e-02,  6.0062e-02],
          [-7.0825e-03, -5.5875e-02,  3.3558e-02,  8.2074e-02,  8.0199e-02],
          [ 3.3426e-02, -2.7921e-04, -3.9186e-02, -5.7134e-03, -6.3616e-02],
          [ 3.3071e-02,  1.0522e-02,  8.7949e-02,  1.0577e-01,  5.5455e-02]],

         [[ 8.6455e-02,  1.8352e-02, -9.5298e-03, -4.7489e-02,  1.0181e-02],
          [ 2.0275e-02,  4.6052e-02, -9.8639e-02, -8.9324e-02, -8.6202e-02],
          [ 3.4101e-02,  4.8176e-02,  8.6549e-02,  4.5963e-02, -2.9188e-02],
          [ 9.4027e-02,  6.9278e-02, -1.0344e-02, -9.8875e-03,  8.3324e-03],
          [-5.9474e-02, -4.6092e-02, -7.3191e-02, -8.1162e-02,  1.6378e-03]],

         [[-2.1249e-02,  3.7392e-03,  4.8047e-02, -2.1510e-02,  9.4762e-02],
          [ 1.3262e-01,  2.0830e-02,  1.6014e-01,  1.3508e-01,  1.6555e-01],
          [ 1.1625e-01, -3.5451e-02, -7.5869e-02,  8.8542e-02,  2.3079e-03],
          [ 3.5927e-02, -2.7832e-02, -1.6869e-01,  4.5332e-02,  9.3770e-02],
          [ 5.1467e-02,  2.8960e-02, -2.6053e-02,  4.6929e-02, -3.2574e-02]],

         [[ 1.1942e-02,  2.1185e-02,  9.6630e-02,  6.5785e-02, -4.7558e-02],
          [ 2.3651e-03, -6.9644e-02,  7.0328e-02,  2.1607e-04,  2.8208e-02],
          [ 3.5202e-02,  9.2710e-02,  1.5798e-02,  1.2946e-02, -3.2114e-02],
          [ 2.2772e-02,  1.3566e-02, -6.9416e-04,  1.0107e-02,  6.9385e-02],
          [ 7.4776e-02,  4.6054e-02, -1.1443e-02, -1.0997e-02, -1.1349e-02]],

         [[ 5.3331e-02, -3.7345e-02, -5.8296e-02, -5.5023e-05, -5.2651e-02],
          [ 1.0754e-01, -9.3572e-02,  2.9682e-02,  9.9257e-04,  3.0007e-02],
          [ 5.6973e-02,  5.7548e-02,  5.5068e-02,  4.1487e-02,  1.0566e-01],
          [-6.0746e-02,  1.1152e-01, -7.0379e-02, -8.2223e-02, -7.3794e-03],
          [ 2.3325e-02, -8.9237e-02, -6.9490e-02,  3.4818e-02,  1.5809e-02]],

         [[-9.7055e-02, -1.5650e-02,  1.5774e-01,  1.9553e-02, -2.6063e-02],
          [-2.4550e-03,  1.1755e-01,  5.6792e-02,  2.8881e-01,  3.0219e-01],
          [ 1.7195e-01,  9.6628e-02,  4.9311e-02,  1.1888e-01,  2.9043e-01],
          [-1.9006e-01, -2.4830e-01, -2.4618e-01, -6.8622e-02,  1.7251e-02],
          [-1.8121e-02, -7.5816e-02, -7.1244e-02, -1.7013e-01, -3.0064e-02]]],


        [[[ 9.1508e-02,  3.2202e-02, -9.4814e-02, -2.0302e-02, -4.2545e-02],
          [ 8.8741e-02, -8.1883e-02, -8.6661e-03,  2.3929e-02,  5.6559e-02],
          [-8.1340e-02,  6.5083e-02,  3.9095e-02,  4.7464e-02, -7.5362e-03],
          [-6.6113e-02,  1.4373e-02,  7.5811e-02,  3.5104e-02,  2.3206e-02],
          [ 1.0781e-02,  5.7563e-02, -4.1525e-02, -3.7439e-02, -1.5883e-02]],

         [[ 1.7880e-02, -8.5606e-02,  1.6412e-02, -1.1419e-02, -3.7457e-02],
          [-3.9370e-02, -7.5290e-03, -4.8625e-02, -2.8852e-02,  2.7966e-02],
          [ 9.5969e-02, -8.8203e-02,  3.1314e-02, -1.3501e-03, -3.1931e-02],
          [-6.6588e-02, -4.8748e-02, -3.5919e-02, -2.8775e-02, -6.0976e-03],
          [-5.6545e-02,  7.6112e-02, -1.6257e-02,  5.0430e-02,  4.1338e-02]],

         [[ 3.1159e-02, -9.4709e-02, -7.0879e-02,  1.2093e-01,  1.0363e-01],
          [-6.0178e-02, -7.2454e-02, -7.8050e-02, -1.9838e-02, -3.7394e-02],
          [ 9.3535e-02, -1.2040e-01,  2.1449e-02, -3.8343e-02, -6.0490e-02],
          [ 1.1144e-01, -8.3188e-02, -8.3180e-03,  4.4828e-02,  3.6847e-02],
          [ 1.0522e-01,  6.9133e-03, -4.5685e-02,  6.4699e-02, -4.9036e-02]],

         [[ 5.4503e-02, -8.9233e-02, -1.7885e-02, -6.1157e-02,  5.6036e-02],
          [-3.1189e-02, -7.1084e-02,  3.8720e-03,  2.4153e-02, -8.3312e-02],
          [-2.7894e-02, -5.6439e-02,  2.1805e-02,  6.0412e-02, -4.3363e-02],
          [ 7.5904e-02,  9.8462e-03, -1.1639e-02, -9.2579e-02, -8.6583e-02],
          [-9.1158e-02,  8.0487e-02,  9.4790e-03,  5.1873e-02, -5.5393e-02]],

         [[ 2.9969e-02,  4.9657e-02, -5.7210e-02, -7.6021e-02, -2.0438e-03],
          [ 8.7023e-02, -5.9586e-02,  2.6158e-02,  5.8696e-02, -6.2182e-02],
          [-9.3584e-02, -4.4376e-02,  8.7278e-02,  7.9243e-02, -6.5394e-02],
          [ 3.3662e-02,  8.2451e-02,  9.8331e-02,  7.3087e-02,  9.9645e-02],
          [ 1.0761e-01,  4.3971e-02,  6.5569e-02, -2.6771e-02,  1.1450e-02]],

         [[ 8.1452e-02, -4.6027e-02, -5.0441e-02,  1.8551e-01,  1.2272e-01],
          [-8.1790e-03, -3.8978e-02,  4.3179e-02, -2.8617e-02, -1.6958e-01],
          [-1.2144e-01, -5.3470e-02, -3.8973e-02, -1.1661e-01, -1.2261e-01],
          [ 1.2381e-01, -9.4041e-02,  5.7297e-02, -5.3101e-02,  3.2770e-02],
          [ 5.2598e-02, -7.1873e-02,  8.9284e-03,  3.5323e-03,  1.7080e-02]]],


        [[[-2.0655e-03, -4.4990e-02, -4.1604e-02, -3.5898e-02, -7.7763e-02],
          [-2.4273e-02,  6.9825e-02,  1.1313e-01, -5.8028e-02, -1.0107e-02],
          [ 6.0302e-02, -9.4557e-02, -2.6954e-03,  1.9145e-02, -7.9411e-02],
          [ 7.2394e-02,  1.0482e-01, -7.3832e-02, -4.4533e-02, -4.5516e-02],
          [-1.1173e-01,  8.5065e-02,  4.5567e-02,  9.5510e-03, -6.6163e-02]],

         [[ 5.2079e-02,  6.3235e-02, -8.0084e-02, -5.0347e-02, -1.8390e-02],
          [-9.0254e-02,  4.6879e-02,  7.0354e-02,  8.8925e-02,  7.1505e-02],
          [-2.2557e-02,  2.0361e-02,  7.3002e-02, -9.7318e-02,  4.1408e-02],
          [-9.1756e-02,  6.2879e-02,  3.4964e-02,  4.1924e-02, -1.4946e-02],
          [-1.0220e-01, -3.3801e-02, -3.0238e-02,  8.3327e-02,  1.3342e-02]],

         [[-1.1937e-01, -5.1677e-02,  1.7432e-01,  2.3399e-01, -1.2246e-01],
          [ 6.9742e-02, -7.3072e-03,  2.3388e-01,  8.8432e-03, -1.5482e-01],
          [ 4.0150e-02,  1.2041e-01,  1.3197e-01, -2.3068e-01, -2.4705e-01],
          [-9.2135e-02,  1.1471e-01,  9.2584e-02, -1.5148e-01, -1.3740e-01],
          [ 6.3279e-02,  1.7801e-01,  1.5972e-01, -1.2306e-01, -6.5539e-02]],

         [[ 3.4930e-03,  4.8999e-02,  9.2936e-02, -2.5328e-02, -1.7416e-02],
          [-1.4046e-03,  1.0019e-01,  7.5984e-02,  9.3628e-02, -5.3615e-02],
          [-1.0263e-01,  4.7125e-02, -3.9280e-02, -3.9383e-02,  3.7457e-03],
          [ 4.6233e-02, -6.6943e-02, -7.4702e-02, -7.5597e-02, -2.1631e-02],
          [ 1.1335e-02, -2.5929e-03, -9.0040e-02,  3.2001e-02, -2.4491e-02]],

         [[ 2.8546e-02, -4.2582e-02,  9.0618e-02, -1.9892e-02, -5.4979e-02],
          [-2.9059e-03, -5.2582e-02,  6.8002e-02,  6.6521e-02,  9.8765e-03],
          [-3.6751e-02,  1.2468e-01, -3.7859e-02, -7.9203e-02,  6.5728e-02],
          [ 7.2845e-02,  2.4731e-03,  8.1337e-02, -7.0318e-02,  1.0176e-01],
          [ 1.2497e-01,  8.4034e-02,  9.0757e-02, -6.0650e-02,  1.0102e-01]],

         [[-1.4234e-01, -1.5805e-02,  2.6154e-01,  3.3483e-01, -5.5995e-02],
          [-1.1381e-02,  1.4858e-01,  3.0005e-01,  9.4676e-03, -4.6034e-01],
          [ 1.3257e-01,  2.6148e-01,  2.6898e-01, -3.3985e-01, -4.2359e-01],
          [-5.0645e-02,  1.9905e-01,  1.2448e-01, -4.0402e-01, -6.6366e-02],
          [ 5.3063e-03,  6.4075e-02,  8.9736e-02, -1.1730e-01, -2.6214e-03]]],


        ...,


        [[[ 8.1572e-02, -2.7822e-02, -1.0275e-01, -1.0210e-01,  4.0935e-02],
          [-1.4116e-02, -8.0213e-02,  5.0259e-02,  8.5502e-02,  6.9016e-02],
          [-6.7515e-02, -1.8168e-02,  5.4373e-02, -7.6582e-02, -6.6231e-02],
          [ 7.6131e-02,  8.2905e-02,  3.6350e-02,  8.0020e-02,  6.7133e-02],
          [-1.3389e-02,  8.8723e-02,  6.8180e-02, -5.8481e-03,  9.7927e-02]],

         [[-3.5681e-02, -8.2239e-02,  2.6521e-02, -9.7821e-02,  1.6277e-02],
          [ 9.0573e-02,  9.0974e-02,  6.4699e-02, -1.0950e-01, -1.6040e-02],
          [ 6.8262e-02, -7.2687e-02, -5.2194e-02, -6.2568e-02, -1.6896e-02],
          [-8.9473e-02,  6.6491e-02,  7.0267e-02, -9.1393e-02, -6.8745e-02],
          [ 3.6762e-02,  8.5211e-02, -1.0222e-02,  8.8076e-02,  3.9943e-02]],

         [[-8.6695e-02, -1.6583e-02,  5.9338e-03, -1.1645e-01,  7.2939e-02],
          [ 8.3416e-02,  4.0148e-02, -1.7040e-01, -3.0501e-02,  5.2534e-02],
          [ 4.0068e-02, -7.3738e-02, -1.9057e-01, -1.8759e-02,  1.1657e-01],
          [ 2.7617e-02, -3.9112e-02, -8.8543e-02, -2.3360e-02,  1.9097e-03],
          [-3.5598e-02, -2.7846e-02, -1.2050e-01, -7.9417e-02, -4.6778e-02]],

         [[ 7.2720e-02, -1.0167e-01, -3.4384e-02,  7.6686e-02, -6.2980e-02],
          [ 3.8653e-02,  5.3618e-02, -6.1254e-02, -2.2350e-02,  8.9547e-03],
          [ 4.1874e-02, -9.6309e-03,  9.3928e-02, -4.7622e-02, -4.7916e-02],
          [ 4.4653e-02, -9.2322e-02, -8.6669e-02,  3.9905e-02,  8.6242e-02],
          [-6.4576e-02, -7.6551e-02, -1.1930e-03,  5.6201e-02,  3.2463e-02]],

         [[ 2.9116e-02, -7.9966e-03,  1.5348e-02,  7.1398e-02,  1.9495e-02],
          [-3.4600e-02, -6.3282e-02, -6.9888e-02,  2.0613e-02,  6.5998e-02],
          [ 2.5487e-02,  2.3896e-03,  2.0151e-02,  1.2414e-02, -2.3214e-02],
          [ 4.7414e-02, -8.2726e-03,  6.2485e-02,  7.9220e-02,  2.9431e-02],
          [-8.1338e-02,  2.6403e-02,  1.1173e-01,  3.2961e-02, -9.2022e-03]],

         [[-8.1112e-02, -1.1683e-01, -1.4054e-01, -1.0529e-01,  7.9225e-02],
          [-1.0871e-01, -1.1589e-01, -1.7107e-01,  5.5255e-02,  7.6187e-02],
          [-4.6613e-02, -1.5847e-01, -2.7307e-01,  2.1484e-02,  2.4952e-01],
          [ 1.6311e-02, -1.5668e-01, -2.0604e-01,  1.1125e-01,  1.8852e-01],
          [ 9.3939e-02,  1.0899e-02, -2.1391e-01,  1.3861e-01,  1.2593e-01]]],


        [[[-1.1362e-02,  5.7255e-02,  6.4065e-02, -7.6130e-03,  2.1601e-02],
          [ 3.5711e-02,  1.0468e-01, -3.6982e-02,  5.4630e-02,  8.9576e-03],
          [-5.1018e-02,  1.0596e-01,  7.4676e-02,  1.0588e-01,  6.1317e-02],
          [ 6.5707e-02,  9.5597e-02, -5.4782e-02, -4.9666e-02,  1.0050e-01],
          [ 1.1079e-01, -5.9594e-02,  2.5897e-02,  1.9491e-02,  5.8704e-02]],

         [[ 7.4359e-02,  8.0203e-02,  7.6195e-02, -8.8592e-02, -1.7835e-02],
          [ 4.7094e-02,  1.0497e-01, -5.2936e-02,  4.1813e-02, -9.6849e-02],
          [-6.5486e-04, -8.1821e-02,  4.9022e-02,  5.0114e-02, -7.2063e-02],
          [-1.9840e-02,  1.3276e-02,  3.4371e-02,  6.2588e-03, -7.2896e-03],
          [ 1.6214e-03,  1.6782e-02,  3.3051e-02,  4.1711e-02,  4.6787e-02]],

         [[ 4.4564e-02, -1.0420e-01, -1.0354e-01, -2.3588e-01, -1.0538e-01],
          [ 1.6000e-02, -2.9019e-02, -7.9098e-02, -1.1699e-02, -2.5386e-02],
          [ 1.5861e-01,  2.0220e-01,  2.1796e-01,  2.3519e-02,  1.3419e-01],
          [ 1.2275e-01,  1.9928e-01,  2.0981e-01,  2.3908e-01,  5.5778e-02],
          [-5.9021e-02, -7.2604e-03,  1.0625e-01, -5.4208e-02, -6.9914e-02]],

         [[-1.6882e-02, -6.4956e-02,  5.5651e-02,  1.1415e-02, -9.8133e-03],
          [ 9.4079e-03,  4.9853e-03,  2.6736e-03, -3.7032e-02, -8.9829e-02],
          [ 9.9649e-02, -6.9918e-02,  2.6030e-02, -2.7117e-02, -6.0939e-02],
          [-6.7721e-02, -6.2987e-02,  5.9263e-02,  9.2204e-02,  1.8783e-02],
          [-3.4122e-02,  3.9845e-02,  5.8066e-02,  7.6519e-02,  6.2842e-03]],

         [[ 8.0447e-02, -1.9999e-02, -7.8277e-02, -6.9850e-02, -4.6405e-02],
          [ 3.7874e-02, -2.0671e-02,  8.4166e-03, -7.7007e-04,  4.7265e-02],
          [-1.6512e-02, -5.2107e-02, -2.3477e-02,  1.0290e-02,  5.0635e-02],
          [ 1.0135e-01,  9.7940e-02, -2.8965e-02, -2.9004e-02, -9.4217e-02],
          [-1.0697e-02,  1.7606e-02,  5.4255e-02, -1.5090e-02, -9.8000e-02]],

         [[-7.3121e-02, -1.7856e-01, -2.6811e-01, -2.7780e-01, -2.6623e-01],
          [ 6.9972e-02, -4.6416e-02, -1.9645e-02, -1.7141e-01, -1.0882e-02],
          [ 2.2325e-01,  1.5558e-01,  3.4816e-01,  1.8139e-01,  1.0438e-01],
          [ 1.5552e-01,  2.3187e-01,  2.5689e-01,  3.7390e-01,  1.2149e-01],
          [ 6.7842e-02,  6.8077e-02,  1.5471e-01,  2.0194e-02,  1.3279e-01]]],


        [[[-5.5442e-02,  7.5167e-02, -5.3318e-02,  1.3403e-02,  1.6437e-02],
          [ 2.1815e-02,  4.8689e-02,  2.2918e-03, -8.3329e-03,  1.9470e-03],
          [-7.9594e-02, -6.2486e-02, -1.2211e-01, -4.2878e-02, -5.2995e-02],
          [ 4.9796e-02,  1.2121e-02,  5.3827e-02,  8.0169e-02,  1.0572e-01],
          [-2.2324e-03,  5.8571e-02, -3.5170e-02, -4.5487e-02, -3.6489e-02]],

         [[ 1.0266e-01,  3.8040e-02, -3.8013e-02, -1.0234e-02,  1.0396e-01],
          [-8.0973e-02, -6.9396e-02, -3.9405e-02,  4.8844e-03,  3.3566e-03],
          [ 3.7983e-03,  5.6874e-02, -1.4801e-02, -4.8234e-02, -7.8652e-02],
          [-1.3435e-02,  2.1720e-02,  1.0626e-01, -4.4512e-02, -9.2108e-02],
          [ 7.3171e-02, -6.2797e-02,  7.5296e-02, -2.8318e-02,  4.2906e-02]],

         [[ 2.6585e-03,  1.8950e-01,  2.3918e-01,  1.7741e-01,  3.1721e-02],
          [ 3.1740e-03,  4.8320e-02,  1.5015e-02, -3.4746e-03,  3.9904e-02],
          [-6.5276e-02, -3.0443e-01, -9.7623e-02, -1.3971e-01, -2.3297e-02],
          [-2.0623e-02, -6.9808e-02, -1.4189e-01, -6.8418e-02,  1.5636e-02],
          [ 6.7777e-02,  6.0780e-02,  1.0901e-01,  1.2447e-01, -8.3977e-03]],

         [[-7.6252e-02, -2.0334e-02, -9.7958e-02, -2.5024e-02,  1.2222e-02],
          [-7.1129e-02, -3.1587e-02,  4.8041e-02,  1.7005e-02, -1.5796e-03],
          [-9.2822e-02,  6.0618e-03, -7.4435e-02, -3.3540e-02, -7.2433e-02],
          [-5.0811e-02, -2.5406e-02, -6.6174e-02,  3.6596e-02, -6.2339e-02],
          [-7.9182e-02,  6.1160e-02, -9.4648e-02, -4.6478e-03,  8.2351e-02]],

         [[ 1.9079e-02, -5.7690e-02, -6.9996e-02,  3.3009e-02, -5.6080e-02],
          [-6.1123e-02, -1.5122e-02,  1.2124e-01,  1.3177e-01,  1.1483e-01],
          [ 1.1057e-01,  1.0314e-01,  9.2958e-02,  8.0338e-02,  6.1716e-02],
          [ 3.9473e-02, -6.7646e-02,  1.0948e-01,  5.7319e-02,  9.7354e-02],
          [ 2.1548e-02,  1.0082e-02,  1.0086e-01, -3.4121e-02, -2.7868e-02]],

         [[ 1.2862e-01,  2.9232e-01,  3.4183e-01,  2.7336e-01,  2.0555e-01],
          [ 7.6731e-03,  1.2614e-02,  2.1416e-01,  2.5662e-01,  1.6963e-01],
          [-3.0398e-01, -5.3864e-01, -3.4260e-01, -7.5324e-02, -5.9276e-02],
          [-4.5479e-02, -2.1170e-01, -3.2617e-01,  6.0848e-02,  1.4712e-01],
          [ 8.8239e-02, -3.1828e-02,  2.9869e-02,  2.6812e-02, -7.9675e-02]]]],
       device='cuda:0')
Parameter name: CNN2.0.bias, Parameter value: tensor([ 0.0430,  0.0206,  0.0523,  0.1138,  0.1100, -0.1194,  0.0491, -0.1096,
        -0.0622, -0.1143, -0.0649,  0.0058, -0.0220,  0.0498,  0.0605,  0.0971],
       device='cuda:0')
Parameter name: FC1.1.weight, Parameter value: tensor([[ 0.1055,  0.0686,  0.0127,  ...,  0.0758,  0.1297, -0.0449],
        [ 0.0444, -0.0494, -0.0530,  ...,  0.0764,  0.0411,  0.0738],
        [ 0.0975,  0.0222, -0.0164,  ..., -0.0360,  0.0424,  0.1165],
        ...,
        [-0.0914,  0.0402, -0.0824,  ...,  0.1066,  0.0570, -0.0144],
        [-0.0837,  0.0462,  0.0166,  ..., -0.0807,  0.0715, -0.0600],
        [-0.0188, -0.0500,  0.0663,  ...,  0.0798, -0.1061, -0.1014]],
       device='cuda:0')
Parameter name: FC1.1.bias, Parameter value: tensor([ 0.0206, -0.0345,  0.0011,  0.0096,  0.0351,  0.0023,  0.0348,  0.0369,
        -0.0235, -0.0391,  0.0693, -0.0176,  0.0363, -0.0114,  0.0178,  0.0643,
        -0.0189,  0.0054,  0.0716, -0.0243, -0.0144, -0.0342,  0.0286,  0.0624,
        -0.0169,  0.0113, -0.0268,  0.0602, -0.0098, -0.0469,  0.0101, -0.0339,
        -0.0094, -0.0185, -0.0478,  0.0199,  0.0028, -0.0420,  0.0207,  0.0203,
        -0.0075, -0.0267, -0.0301,  0.0471,  0.0005,  0.0008,  0.0576,  0.0321,
         0.0056, -0.0730, -0.0174, -0.0135, -0.0186, -0.0264, -0.0253,  0.0361,
         0.0163, -0.0014, -0.0355,  0.0765, -0.0380, -0.0161,  0.0404,  0.0260,
        -0.0453,  0.0143, -0.0451,  0.0179,  0.0365,  0.0620,  0.0425,  0.0129,
        -0.0580, -0.0573,  0.0277,  0.0012,  0.0387,  0.0170,  0.0124,  0.0296,
         0.0530,  0.0222, -0.0189, -0.0382,  0.0302,  0.0040, -0.0063,  0.0566,
        -0.0303,  0.0064,  0.0068, -0.0043, -0.0151, -0.0387,  0.0148, -0.0434,
         0.0171, -0.0552,  0.0119, -0.0393, -0.0266,  0.0456,  0.0661, -0.0070,
         0.0124, -0.0018,  0.0683,  0.0602,  0.0171, -0.0351, -0.0245,  0.0401,
         0.0321,  0.0296, -0.0035, -0.0130,  0.0107, -0.0114, -0.0391, -0.0064],
       device='cuda:0')
Parameter name: FC1.3.weight, Parameter value: tensor([[ 0.1360,  0.1298,  0.0260,  ..., -0.1385,  0.1010, -0.0839],
        [-0.1611, -0.0138, -0.1329,  ..., -0.0921,  0.0077,  0.1031],
        [ 0.0688, -0.0549, -0.1176,  ..., -0.0567,  0.0710,  0.1090],
        ...,
        [-0.1216,  0.0638,  0.0304,  ...,  0.0514,  0.1278,  0.0031],
        [-0.0875,  0.0609,  0.0515,  ..., -0.0249,  0.0474, -0.1169],
        [ 0.1973,  0.1610, -0.0412,  ...,  0.0336,  0.0235, -0.0584]],
       device='cuda:0')
Parameter name: FC1.3.bias, Parameter value: tensor([-0.0485, -0.0928,  0.0780,  0.0220, -0.0157,  0.0168,  0.0298,  0.0078,
         0.0650, -0.0032,  0.0224,  0.0172,  0.0003, -0.0840, -0.0198,  0.1009,
        -0.1006, -0.0659, -0.0611,  0.0424,  0.0059, -0.1012, -0.0029,  0.0284,
        -0.0022,  0.0067, -0.0490,  0.0345,  0.1015,  0.0866, -0.0737,  0.0926,
        -0.0943,  0.0017,  0.0782,  0.0416,  0.0537, -0.0423, -0.0298, -0.0307,
         0.0670, -0.0598,  0.0937,  0.0780,  0.0243, -0.0269,  0.0006, -0.0753,
        -0.0252,  0.0132,  0.0417, -0.0746, -0.0428, -0.0349, -0.0694,  0.0712,
        -0.0434,  0.0787, -0.0893, -0.0906, -0.0024,  0.0719,  0.0279, -0.0483,
         0.0212, -0.0758,  0.0955,  0.0481,  0.0535, -0.0733,  0.0128, -0.0151,
         0.0538, -0.0510,  0.0759,  0.0605,  0.0648, -0.0278,  0.0746,  0.0931,
         0.0215,  0.0607, -0.0728,  0.0709], device='cuda:0')
Parameter name: FC1.5.weight, Parameter value: tensor([[ 7.1700e-02, -1.2044e-01,  7.8973e-02, -2.2514e-01,  9.4734e-02,
          7.4952e-02, -2.1540e-02, -1.1509e-01,  2.8728e-01,  1.3114e-01,
         -2.7848e-01, -3.6326e-02, -2.7403e-01,  2.1340e-01, -2.6100e-01,
         -2.5135e-02,  1.4771e-01, -5.3047e-02, -1.4075e-01, -6.4923e-02,
          5.0175e-02,  1.6779e-01, -2.5890e-03,  1.1494e-01,  2.5050e-01,
          2.5573e-01, -9.8712e-02, -2.0454e-01, -1.2170e-01,  9.9151e-02,
          2.1045e-01, -1.0534e-01,  9.3089e-02, -1.5183e-01, -4.1503e-03,
          2.3387e-01, -1.6032e-02, -9.5206e-02,  2.2840e-01, -2.2810e-01,
         -6.3674e-02,  2.3502e-01,  2.3806e-01, -1.4191e-01,  2.0714e-01,
         -8.3210e-02, -1.2124e-02,  2.9452e-01,  2.9053e-01,  4.1178e-02,
          2.5127e-01, -3.1166e-01,  4.0925e-03, -2.9268e-01, -6.7012e-02,
          1.3430e-02, -1.2560e-01, -5.8613e-02,  1.4198e-01, -2.0357e-01,
          7.0105e-02,  9.5090e-02,  1.0087e-01,  1.8427e-01,  1.5562e-03,
          8.3389e-02, -2.8728e-01, -2.3825e-01, -2.3463e-01,  3.4964e-01,
         -2.1519e-01,  4.9054e-02,  6.4258e-02,  3.6579e-01,  2.7786e-01,
         -2.5007e-01, -2.4666e-01, -2.2749e-02,  9.1055e-02, -2.8114e-01,
         -1.0610e-01,  2.4701e-01, -1.9263e-01, -3.0496e-01],
        [ 1.0161e-02,  8.7119e-02, -1.2638e-01,  1.2371e-01,  1.6984e-01,
         -3.3757e-02, -1.3637e-01, -2.7598e-01, -3.0051e-01, -2.3854e-01,
          2.1206e-01, -4.1896e-02, -2.4224e-01, -1.6129e-01,  2.5173e-01,
          3.5837e-02, -1.2778e-01,  1.0850e-01, -7.3332e-02, -2.5146e-01,
          1.9576e-01,  2.0281e-01,  2.0771e-01,  2.2800e-01,  2.1747e-01,
         -2.1095e-01,  9.8268e-02,  1.8084e-01, -3.1466e-02,  2.5471e-01,
         -1.6067e-01,  1.1972e-01,  6.1433e-02,  2.9019e-01,  3.8230e-01,
         -1.9425e-01,  1.0269e-01,  1.7718e-02,  8.7569e-02, -1.6765e-01,
          2.4142e-01,  1.0543e-01, -9.0352e-02,  1.4166e-01,  2.0912e-01,
          2.4902e-01, -1.4217e-01,  2.2523e-01,  1.3958e-01,  2.1106e-02,
          1.4610e-01, -7.4934e-02, -5.1230e-02, -1.7250e-01,  2.7013e-01,
         -2.9557e-01,  7.4899e-02,  3.9380e-01, -1.7658e-01, -1.7582e-01,
          7.5823e-02, -2.0998e-01, -1.6660e-01, -1.9277e-01,  2.1887e-01,
          1.7542e-01,  2.5198e-01, -1.6436e-01,  1.3049e-01, -3.7708e-03,
          1.2496e-01, -2.2156e-01,  5.4266e-02, -2.9210e-01, -2.2463e-02,
         -1.2152e-01, -2.2312e-01,  5.3970e-02,  1.9304e-01, -2.2981e-01,
         -1.2370e-01,  2.6076e-01, -4.8680e-02,  1.3290e-01],
        [-1.5184e-01,  2.7442e-01,  6.8168e-02, -2.2525e-01,  2.4266e-02,
          2.7048e-01, -1.7025e-01, -5.4263e-02, -1.8392e-01, -1.2107e-01,
         -2.4043e-01, -8.5261e-02, -1.1521e-01,  5.3072e-02,  1.9790e-01,
         -6.2733e-02,  1.0332e-01,  2.1654e-01, -9.6718e-02, -9.0855e-02,
         -1.8896e-01,  2.9098e-01,  1.9343e-01,  3.9811e-01,  8.1736e-02,
          1.7325e-01, -8.0525e-02, -3.5090e-02, -1.8148e-01,  3.3262e-01,
          1.4054e-01, -3.3926e-01, -9.0963e-02, -2.4992e-01, -8.6836e-02,
         -1.3948e-01,  1.0086e-01,  1.7601e-01,  1.8806e-01,  3.6593e-02,
          2.5223e-01,  1.2472e-01,  2.5733e-01, -1.3994e-01, -2.9976e-01,
         -3.0258e-01,  1.1888e-01,  4.6732e-02,  1.4592e-01,  1.0980e-01,
          2.1702e-01,  2.2889e-01, -7.4679e-02,  3.1256e-01, -1.7104e-01,
          7.8003e-03,  1.7487e-01,  8.8374e-02,  2.3421e-01, -2.4409e-01,
         -1.1792e-01,  1.3927e-02,  1.2510e-01,  4.0945e-01, -3.8573e-02,
         -1.1850e-01,  4.2313e-02, -2.6742e-01, -2.2548e-01, -1.2114e-01,
          1.1014e-01,  2.1209e-01,  2.2754e-01, -9.6480e-02, -2.5924e-01,
         -5.4814e-03, -1.1409e-01, -3.9061e-02, -3.3095e-01, -1.9223e-01,
         -2.7302e-03, -3.9834e-01, -1.8830e-01,  3.0166e-01],
        [ 9.7086e-03, -5.4875e-02,  8.7538e-02, -1.5553e-01, -9.1034e-02,
          1.3151e-01,  4.1290e-02, -4.3446e-02,  2.2627e-01, -1.0466e-01,
          1.8213e-01, -2.3834e-01,  3.8889e-02, -2.0116e-01,  2.2712e-01,
         -1.7438e-01, -3.5609e-03,  1.6588e-01, -2.1190e-01, -8.7104e-02,
          6.6994e-02,  1.8808e-01, -1.6884e-01, -3.7622e-01, -1.7428e-01,
          7.6182e-02, -5.6390e-02,  1.5949e-01,  1.1505e-01, -1.9908e-01,
         -2.3125e-02,  2.5574e-01, -2.1752e-01,  1.2384e-01, -8.2622e-02,
         -1.2835e-02,  1.9922e-01, -5.1615e-02, -7.3210e-02, -3.3945e-01,
          1.0571e-01,  3.1329e-01,  2.3913e-01,  6.7877e-02, -2.7085e-01,
          7.2468e-02,  1.8094e-01, -3.5798e-01, -7.6015e-02, -1.4239e-01,
         -2.9752e-01,  2.1063e-01,  1.6657e-01,  5.5151e-02, -2.1380e-01,
         -7.8263e-02,  6.3708e-02,  2.0697e-01, -1.9961e-03,  8.7832e-02,
          2.4664e-01, -8.5270e-02,  5.5910e-03,  2.7706e-01,  2.4197e-01,
          3.8588e-01,  1.5759e-01, -4.2210e-01, -8.9308e-02, -3.1529e-02,
         -1.8472e-01, -3.6944e-01,  6.6015e-02,  1.5062e-01, -6.0606e-02,
          2.7840e-01, -1.9409e-01,  1.6991e-01,  2.4051e-01,  2.7423e-01,
          2.0484e-01,  2.1160e-01,  3.2535e-02,  4.2456e-02],
        [-6.9760e-02, -2.2965e-02, -3.9790e-01, -1.7780e-01, -2.4021e-01,
         -1.3367e-01,  2.1560e-01,  1.0548e-01,  1.9305e-01, -5.4978e-02,
          7.5251e-02, -1.9187e-01,  9.2924e-02, -9.3980e-02,  3.4029e-02,
         -1.5844e-01,  8.9770e-02, -3.5176e-01,  2.7982e-01, -9.0663e-02,
          2.0907e-01,  1.6240e-01,  2.8100e-01,  2.0299e-01,  1.1954e-01,
         -1.5297e-01,  1.7888e-01, -7.6660e-02,  2.9097e-01, -1.4533e-01,
          1.0820e-02, -3.2592e-01,  2.0462e-01,  1.9448e-01,  2.6357e-01,
         -6.2762e-02,  8.5911e-02, -1.5788e-01,  3.8130e-02,  2.2811e-01,
          1.6970e-01, -1.6878e-01, -3.9495e-01,  2.5284e-01, -1.1342e-01,
          2.4622e-01,  1.4367e-01,  2.3063e-01, -8.7744e-02, -3.3200e-01,
          7.9028e-03, -9.7148e-02, -2.7318e-01, -7.2254e-02, -1.0491e-01,
         -3.2515e-02,  4.2183e-02, -1.8393e-01,  8.9292e-02,  3.2158e-01,
         -2.2723e-01, -1.3813e-04,  8.9980e-02, -1.4621e-01,  9.3543e-02,
         -1.2055e-01,  8.1816e-02,  2.9181e-01,  3.3397e-01,  1.0794e-01,
          2.0056e-01,  3.6438e-01,  2.6478e-02, -1.1395e-01,  1.4525e-01,
         -4.6741e-02,  1.6423e-01,  1.0556e-01, -2.1469e-01, -2.4433e-01,
          7.7667e-02,  1.5397e-01, -2.9400e-02,  1.8576e-01],
        [ 2.8504e-01, -1.8720e-01,  2.6500e-01, -8.7778e-02, -7.7531e-03,
          3.3518e-01,  3.0814e-01,  1.9883e-01,  1.2703e-01,  1.0943e-01,
         -1.9266e-01, -4.4248e-02,  2.1279e-01,  1.9396e-01, -1.4353e-01,
          1.6756e-01, -1.6219e-01,  1.3702e-01,  1.3524e-01,  1.2807e-01,
          2.0263e-01, -2.6040e-01, -3.0380e-01,  8.6743e-02, -1.9746e-01,
          2.5068e-01,  2.2791e-01, -1.1612e-01,  4.2752e-01, -3.3006e-01,
         -1.2119e-01,  1.2165e-01,  2.3105e-01,  7.5416e-03, -1.4581e-01,
         -3.4017e-02, -2.8061e-01,  1.6265e-01,  1.0931e-01, -6.9948e-02,
         -1.6105e-02, -1.7843e-01, -1.0845e-01, -2.3911e-01, -1.5052e-01,
          2.9501e-01, -2.0359e-02, -8.3749e-02,  1.7649e-01,  3.0114e-01,
          3.4302e-01, -8.1363e-02,  1.8413e-01,  1.3396e-01, -1.8979e-01,
         -3.1895e-01, -3.8868e-02, -2.4418e-01, -2.3016e-01, -2.7213e-01,
         -1.7422e-01, -2.1110e-01,  1.1042e-01, -4.0650e-01,  1.6833e-01,
          1.7945e-01,  1.9601e-01,  3.4264e-01,  3.2955e-02, -1.5930e-01,
         -1.9762e-01,  1.5757e-01, -1.2734e-01, -6.5523e-02,  1.1226e-01,
         -8.8050e-02,  1.9801e-01,  7.6894e-03, -1.0992e-01,  1.2372e-01,
          2.2146e-01, -7.7953e-02, -2.0124e-01,  2.2589e-01],
        [-1.9951e-01, -1.9816e-01, -3.6903e-01,  9.6230e-02, -2.2999e-01,
         -2.6951e-01, -4.2411e-02, -8.3070e-02, -2.4446e-01,  1.3345e-02,
          1.5661e-01, -1.1635e-01,  5.7847e-03,  4.9611e-02, -2.5867e-01,
          3.0175e-01,  2.0454e-01, -1.9469e-01, -3.0805e-01,  2.1538e-01,
         -8.7337e-02, -1.3196e-01,  1.4783e-01,  3.1423e-01, -3.2455e-02,
          2.9807e-01, -2.2266e-01,  3.0129e-01,  1.4834e-01, -6.6456e-02,
          2.5122e-01,  9.6861e-02, -2.4680e-01, -1.8041e-01,  8.1510e-02,
          1.3533e-01, -2.5826e-01, -2.4212e-01,  2.6787e-01,  2.7255e-01,
         -7.8231e-02,  2.5777e-01, -1.1684e-01, -2.1693e-01, -5.7992e-02,
          1.2014e-01,  2.1723e-01, -2.3953e-01,  1.6941e-01,  2.4773e-01,
         -8.0891e-02,  1.3155e-02, -2.1545e-01,  1.4307e-01, -1.4715e-01,
         -6.2720e-03, -2.1029e-01, -1.7760e-01,  5.2639e-02, -2.9324e-01,
         -2.5282e-01, -2.4373e-01, -9.7170e-02, -3.5291e-01, -1.6300e-01,
          2.7313e-01, -1.0687e-01, -5.6617e-02,  3.9753e-02,  2.4849e-01,
         -2.6221e-02, -2.6825e-01, -1.1718e-01,  8.6972e-02,  4.3963e-01,
          1.5835e-01,  4.4745e-02, -1.9126e-02, -4.2850e-02, -1.8837e-01,
         -2.6117e-01, -3.5160e-02, -9.6310e-02, -4.7954e-02],
        [ 2.9045e-04,  1.7977e-01, -9.5570e-02,  4.2821e-02,  3.1569e-01,
         -3.8739e-01,  2.3026e-01,  2.0164e-01,  6.4033e-02,  1.9955e-01,
         -2.4928e-01,  1.2965e-01, -1.5912e-01, -1.4059e-01,  1.5895e-01,
          1.0041e-03, -1.4847e-01,  5.4892e-02,  2.0865e-01, -1.0142e-01,
         -1.1139e-01,  1.7103e-01, -1.3782e-01,  4.5489e-02, -1.7564e-01,
         -1.0406e-01, -9.8412e-02, -7.1921e-02, -2.8069e-02,  7.6074e-02,
         -1.5430e-01,  2.0908e-01,  2.0128e-01, -7.9805e-02, -7.2485e-02,
          5.5186e-02,  1.3209e-01,  3.0986e-01, -1.0582e-01,  1.0213e-01,
         -2.5181e-01,  1.4009e-01,  1.0266e-01,  1.5019e-01,  3.3406e-01,
         -1.7120e-01,  1.9945e-01, -6.2454e-02, -2.0870e-01, -3.1749e-01,
          3.0731e-01, -9.1812e-02, -7.3237e-02,  1.6208e-01, -5.2253e-02,
         -2.4081e-01,  3.2254e-01, -2.0167e-01,  6.3009e-02,  3.4171e-01,
          1.1748e-03,  3.2638e-01,  3.3387e-02,  3.5425e-01,  7.0894e-03,
         -1.1579e-01, -9.4270e-03,  2.0988e-03, -3.4007e-02, -1.6778e-01,
         -9.0201e-02,  1.0732e-02,  1.3883e-01, -3.2432e-01,  3.1161e-01,
          1.2885e-01,  2.1058e-01, -2.8802e-01, -2.2076e-01,  1.3569e-01,
          1.6760e-01, -4.9969e-02,  1.4306e-01, -2.2432e-01],
        [-3.1910e-01, -2.6602e-01,  8.1872e-02,  5.7202e-02,  2.0881e-01,
         -1.3266e-01, -3.8624e-02,  3.5857e-01,  6.0476e-02, -1.2249e-01,
          9.9867e-02,  1.0193e-01,  2.0256e-01,  1.4006e-01, -1.0011e-01,
          2.2287e-01, -4.6590e-02, -9.9232e-02, -2.1724e-01,  1.1622e-01,
          5.7000e-03,  4.6108e-02,  2.0739e-01, -2.0372e-03, -1.8340e-01,
         -9.1576e-02,  1.0978e-01, -2.9947e-02,  5.1184e-02, -1.4810e-01,
          2.3985e-01, -6.3732e-02, -9.6809e-02, -1.6610e-01, -2.8027e-01,
          6.9240e-02,  3.3995e-01, -4.2981e-01, -1.2149e-01,  2.3308e-01,
         -2.3967e-01, -1.2885e-01,  2.9371e-02, -2.8387e-01,  2.6725e-01,
         -1.2876e-01, -5.1473e-02, -4.8392e-02, -2.1401e-01,  2.3139e-02,
         -2.8710e-01,  4.1343e-01, -1.3506e-01,  1.2113e-01, -9.0715e-02,
          2.7498e-01, -1.3778e-01, -1.2842e-01,  1.6305e-01, -9.6055e-02,
          9.5054e-02, -1.4590e-01, -1.2857e-01,  1.7640e-01,  1.2160e-01,
          6.6794e-02, -1.9246e-01,  1.5177e-01, -1.2245e-01,  2.3412e-04,
          2.0910e-01, -6.6412e-02,  2.5022e-01,  7.9789e-02, -2.3662e-01,
         -3.2273e-01,  6.4527e-02,  2.1032e-01, -2.2235e-01,  2.6255e-01,
         -1.1370e-01, -1.8058e-01, -2.4236e-01, -2.6820e-01],
        [-1.7680e-01,  2.0597e-01, -6.1215e-02,  1.0830e-01, -2.7966e-01,
         -1.4140e-01, -2.4197e-01, -2.5638e-01,  1.5765e-01,  2.3606e-01,
          1.1675e-01,  1.2917e-01,  3.4463e-01, -1.3857e-02, -4.1452e-01,
         -2.5882e-01,  2.9023e-01,  1.4510e-01,  3.3114e-01, -1.8404e-01,
         -3.8812e-02, -1.5609e-01,  3.1380e-01, -4.3316e-02,  2.3965e-01,
         -1.2814e-01,  8.4671e-03, -3.3998e-01,  1.6798e-01,  1.9574e-01,
         -2.6414e-01,  3.8154e-01,  2.0061e-01,  2.9848e-02, -1.8157e-01,
          1.7200e-01,  3.6365e-01, -6.7254e-02,  2.8706e-01,  1.1934e-01,
         -7.7468e-03, -2.1734e-01,  1.1824e-01,  3.4238e-01,  8.6661e-02,
          1.9041e-02,  8.2604e-02,  1.6322e-02, -1.8275e-02, -1.7711e-02,
          9.7653e-02, -5.9461e-02,  4.3246e-01,  7.5054e-02,  2.8791e-01,
          2.3662e-01,  1.5790e-01, -2.6735e-01, -8.0671e-02, -4.9706e-02,
         -1.8340e-01,  9.4730e-02, -7.7466e-02, -1.8195e-01, -1.5899e-02,
         -3.7121e-02,  9.3860e-02, -3.0758e-01, -8.3630e-02,  4.0182e-01,
         -2.4904e-02,  2.7674e-01, -2.7097e-01,  2.6693e-01, -7.1035e-02,
         -1.9713e-01, -8.5912e-02, -1.6346e-01, -1.7287e-01, -1.8407e-02,
          1.9118e-01, -9.5520e-02, -6.6757e-02, -5.8543e-02]], device='cuda:0')
Parameter name: FC1.5.bias, Parameter value: tensor([ 0.0415,  0.1335,  0.0087, -0.0163,  0.0341,  0.1172, -0.0878, -0.0038,
         0.1048,  0.0590], device='cuda:0')
